0.1 12.644 0.858
0.145 9.235 0.359
0.211 7.377 0.505
0.307 6.46 0.403
0.447 5.555 0.683
0.649 5.896 0.605
0.944 5.673 0.856
1.372 6.964 0.351
1.995 8.896 1.083
2.9 11.355 1.002


0.0844444 14.0331 15.8024 12.2638
0.115556 10.9991 12.4728 9.5254
0.146667 9.29216 10.6009 7.98338
0.177778 8.21557 9.42152 7.00963
0.208889 7.48768 8.62513 6.35023
0.24 6.97288 8.06282 5.88294
0.271111 6.59781 7.654 5.54162
0.302222 6.31933 7.35128 5.28737
0.333333 6.11038 7.12494 5.09582
0.364444 5.95316 6.95543 4.95089
0.395556 5.83547 6.82933 4.8416
0.426667 5.74865 6.73716 4.76015
0.457778 5.68642 6.67198 4.70085
0.488889 5.64407 6.62866 4.65949
0.52 5.61805 6.60326 4.63284
0.551111 5.60558 6.59275 4.61841
0.582222 5.60449 6.59475 4.61424
0.613333 5.61306 6.60734 4.61877
0.644444 5.62988 6.629 4.63075
0.675556 5.65381 6.65848 4.64913
0.706667 5.68391 6.69474 4.67308
0.737778 5.7194 6.73692 4.70189
0.768889 5.75964 6.7843 4.73497
0.8 5.80406 6.83628 4.77183
0.831111 5.85219 6.89234 4.81203
0.862222 5.90363 6.95205 4.85522
0.893333 5.95805 7.01501 4.90109
0.924444 6.01513 7.0809 4.94936
0.955556 6.07461 7.14943 4.9998
0.986667 6.13628 7.22036 5.0522
1.01778 6.19993 7.29346 5.10639
1.04889 6.26537 7.36854 5.16221
1.08 6.33247 7.44543 5.2195
1.11111 6.40107 7.52398 5.27816
1.14222 6.47106 7.60405 5.33807
1.17333 6.54233 7.68553 5.39913
1.20444 6.61477 7.76829 5.46125
1.23556 6.6883 7.85225 5.52435
1.26667 6.76284 7.93732 5.58836
1.29778 6.83831 8.02341 5.65321
1.32889 6.91465 8.11046 5.71884
1.36 6.9918 8.1984 5.78521
1.39111 7.06971 8.28717 5.85225
1.42222 7.14832 8.37671 5.91994
1.45333 7.2276 8.46698 5.98821
1.48444 7.30749 8.55793 6.05705
1.51556 7.38796 8.64952 6.12641
1.54667 7.46898 8.7417 6.19626
1.57778 7.55051 8.83445 6.26657
1.60889 7.63253 8.92774 6.33732
1.64 7.715 9.02152 6.40848
1.67111 7.7979 9.11577 6.48003
1.70222 7.88121 9.21048 6.55195
1.73333 7.96491 9.3056 6.62422
1.76444 8.04897 9.40113 6.69681
1.79556 8.13338 9.49704 6.76971
1.82667 8.21811 9.59331 6.84291
1.85778 8.30316 9.68992 6.9164
1.88889 8.3885 9.78685 6.99014
1.92 8.47412 9.8841 7.06415
1.95111 8.56002 9.98164 7.13839
1.98222 8.64616 10.0795 7.21287
2.01333 8.73256 10.1775 7.28756
2.04444 8.81918 10.2759 7.36247
2.07556 8.90603 10.3745 7.43757
2.10667 8.99309 10.4733 7.51287
2.13778 9.08035 10.5723 7.58835
2.16889 9.16781 10.6716 7.66401
2.2 9.25545 10.7711 7.73983
2.23111 9.34327 10.8707 7.81582
2.26222 9.43127 10.9706 7.89195
2.29333 9.51942 11.0706 7.96824
2.32444 9.60774 11.1708 8.04467
2.35556 9.6962 11.2712 8.12123
2.38667 9.78482 11.3717 8.19793
2.41778 9.87357 11.4724 8.27475
2.44889 9.96245 11.5732 8.35169
2.48 10.0515 11.6742 8.42875
2.51111 10.1406 11.7753 8.50592
2.54222 10.2299 11.8765 8.5832
2.57333 10.3192 11.9779 8.66059
2.60444 10.4087 12.0794 8.73807
2.63556 10.4983 12.181 8.81565
2.66667 10.588 12.2827 8.89333
2.69778 10.6778 12.3845 8.9711
2.72889 10.7677 12.4865 9.04895
2.76 10.8577 12.5885 9.12688
2.79111 10.9478 12.6906 9.2049
2.82222 11.0379 12.7929 9.283
2.85333 11.1282 12.8952 9.36117
2.88444 11.2185 12.9976 9.43942
2.91556 11.3089 13.1001 9.51774
