0	0.840188
1	0.394383
2	0.783099
3	0.79844
4	0.911647
5	0.197551
6	0.335223
7	0.76823
8	0.277775
9	0.55397

0 0.840188
0.09 0.800065
0.18 0.759943
0.27 0.71982
0.36 0.679698
0.45 0.639576
0.54 0.599453
0.63 0.559331
0.72 0.519208
0.81 0.479086
0.9 0.438963
0.99 0.398841
1.08 0.42548
1.17 0.460465
1.26 0.495449
1.35 0.530434
1.44 0.565418
1.53 0.600403
1.62 0.635387
1.71 0.670371
1.8 0.705356
1.89 0.74034
1.98 0.775325
2.07 0.784173
2.16 0.785554
2.25 0.786934
2.34 0.788315
2.43 0.789696
2.52 0.791076
2.61 0.792457
2.7 0.793838
2.79 0.795218
2.88 0.796599
2.97 0.79798
3.06 0.805232
3.15 0.815421
3.24 0.82561
3.33 0.835798
3.42 0.845987
3.51 0.856176
3.6 0.866364
3.69 0.876553
3.78 0.886742
3.87 0.89693
3.96 0.907119
4.05 0.875943
4.14 0.811674
4.23 0.747405
4.32 0.683137
4.41 0.618868
4.5 0.554599
4.59 0.490331
4.68 0.426062
4.77 0.361793
4.86 0.297525
4.95 0.233256
5.04 0.203058
5.13 0.215449
5.22 0.227839
5.31 0.240229
5.4 0.25262
5.49 0.26501
5.58 0.277401
5.67 0.289791
5.76 0.302182
5.85 0.314572
5.94 0.326962
6.03 0.348213
6.12 0.387184
6.21 0.426154
6.3 0.465125
6.39 0.504095
6.48 0.543066
6.57 0.582037
6.66 0.621007
6.75 0.659978
6.84 0.698949
6.93 0.737919
7.02 0.75842
7.11 0.71428
7.2 0.670139
7.29 0.625998
7.38 0.581857
7.47 0.537716
7.56 0.493575
7.65 0.449434
7.74 0.405293
7.83 0.361152
7.92 0.317011
8.01 0.280537
8.1 0.305394
8.19 0.330252
8.28 0.355109
8.37 0.379967
8.46 0.404825
8.55 0.429682
8.64 0.45454
8.73 0.479397
8.82 0.504255
8.91 0.529112
9 0.55397

0 0.840188
0.09 0.75914
0.18 0.686188
0.27 0.621331
0.36 0.564569
0.45 0.515901
0.54 0.475329
0.63 0.442852
0.72 0.41847
0.81 0.402183
0.9 0.393991
0.99 0.393894
1.08 0.400837
1.17 0.41322
1.26 0.431028
1.35 0.45426
1.44 0.482917
1.53 0.516997
1.62 0.556502
1.71 0.60143
1.8 0.651784
1.89 0.707561
1.98 0.768762
2.07 0.830277
2.16 0.880736
2.25 0.919723
2.34 0.947236
2.43 0.963276
2.52 0.967844
2.61 0.960939
2.7 0.94256
2.79 0.912709
2.88 0.871385
2.97 0.818589
3.06 0.75977
3.15 0.712647
3.24 0.678583
3.33 0.657576
3.42 0.649628
3.51 0.654739
3.6 0.672908
3.69 0.704135
3.78 0.74842
3.87 0.805764
3.96 0.876166
4.05 0.953528
4.14 1.00833
4.23 1.03668
4.32 1.03856
4.41 1.01398
4.5 0.962943
4.59 0.885444
4.68 0.781484
4.77 0.651064
4.86 0.494183
4.95 0.310841
5.04 0.107629
5.13 -0.0656207
5.22 -0.198611
5.31 -0.291342
5.4 -0.343814
5.49 -0.356026
5.58 -0.327979
5.67 -0.259673
5.76 -0.151108
5.85 -0.00228337
5.94 0.186801
6.03 0.411936
6.12 0.618427
6.21 0.789443
6.3 0.924984
6.39 1.02505
6.48 1.08964
6.57 1.11876
6.66 1.1124
6.75 1.07057
6.84 0.993258
6.93 0.880475
7.02 0.7336
7.11 0.590305
7.2 0.467524
7.29 0.365258
7.38 0.283506
7.47 0.22227
7.56 0.181548
7.65 0.161341
7.74 0.161649
7.83 0.182471
7.92 0.223808
8.01 0.285484
8.1 0.350367
8.19 0.407155
8.28 0.455848
8.37 0.496445
8.46 0.528948
8.55 0.553356
8.64 0.569669
8.73 0.577887
8.82 0.57801
8.91 0.570037
9 0.55397

