# m=0, S=4
0 0
0.0605141 0.0605141
0.11901 0.1188
0.176279 0.175468
0.232795 0.230827
0.288844 0.285
0.344604 0.338005
0.400183 0.389792
0.455651 0.440273
0.511049 0.489338
0.566402 0.536862
0.621729 0.582719
0.677038 0.626777
0.732337 0.668908
0.787628 0.708988
0.842916 0.746896
0.898201 0.782517
0.953485 0.815744
1.00877 0.846476
1.06405 0.874618
1.11933 0.900086
1.17461 0.9228
1.22989 0.942692
1.28517 0.959702
1.34045 0.973776
1.39573 0.984872
1.45102 0.992956
1.5063 0.998003
1.56158 0.999999
1.61686 0.998936
1.67214 0.994817
1.72742 0.987657
1.7827 0.977476
1.83798 0.964306
1.89326 0.948186
1.94854 0.929167
2.00382 0.907306
2.0591 0.88267
2.11438 0.855335
2.16966 0.825383
2.22494 0.792908
2.28022 0.758008
2.3355 0.720789
2.39078 0.681366
2.44606 0.639859
2.50134 0.596395
2.55662 0.551107
2.6119 0.504134
2.66718 0.455619
2.72246 0.40571
2.77774 0.354561
2.83302 0.302327
2.8883 0.249168
2.94358 0.195247
2.99886 0.140729
3.05414 0.0857809
3.10942 0.03057
3.1647 -0.0247344
3.21998 -0.0799633
3.27526 -0.134948
3.33054 -0.18952
3.38582 -0.243512
3.4411 -0.29676
3.49638 -0.3491
3.55166 -0.400373
3.60694 -0.450422
3.66222 -0.499093
3.7175 -0.546238
3.77278 -0.591712
3.82806 -0.635378
3.88334 -0.6771
3.93862 -0.716751
3.9939 -0.754211
4.04918 -0.789364
4.10446 -0.822103
4.15974 -0.852328
4.21502 -0.879947
4.2703 -0.904875
4.32558 -0.927035
4.38085 -0.946361
4.43613 -0.962792
4.49141 -0.976279
4.54669 -0.986781
4.60197 -0.994265
4.65725 -0.998708
4.71253 -1.0001
4.76781 -0.998428
4.82309 -0.993705
4.87837 -0.985944
4.93365 -0.975167
4.98893 -0.961408
5.04421 -0.944709
5.09949 -0.925121
5.15476 -0.902704
5.21004 -0.877526
5.26532 -0.849664
5.3206 -0.819205
5.37588 -0.786239
5.43116 -0.75087
5.48644 -0.713204
5.54172 -0.673357
5.597 -0.63145
5.65228 -0.587613
5.70755 -0.541978
5.76283 -0.494686
5.81811 -0.445881
5.87339 -0.395713
5.92867 -0.344334
5.98395 -0.291902
6.03923 -0.238578
6.09451 -0.184523
6.14979 -0.129905
6.20506 -0.0748884
6.26034 -0.0196432
6.31562 0.0356622
6.3709 0.0908586
6.42618 0.145777
6.48146 0.20025
6.53674 0.254111
6.59201 0.307195
6.64729 0.359339
6.70257 0.410385
6.75785 0.460176
6.81313 0.508559
6.86841 0.555388
6.92369 0.600518
6.97896 0.643812
7.03424 0.685137
7.08952 0.724367
7.1448 0.761382
7.20008 0.796069
7.25536 0.828322
7.31063 0.858041
7.36591 0.885137
7.42119 0.909526
7.47647 0.931133
7.53175 0.949894
7.58703 0.965749
7.6423 0.978651
7.69758 0.988561
7.75286 0.995447
7.80814 0.99929
7.86342 1.00008
7.91869 0.997805
7.97397 0.992482
8.02925 0.984124
8.08453 0.972757
8.13981 0.958415
8.19508 0.941142
8.25036 0.920991
8.30564 0.898024
8.36092 0.87231
8.4162 0.843929
8.47147 0.812967
8.52675 0.779519
8.58203 0.743688
8.63731 0.705582
8.69258 0.665318
8.74786 0.62302
8.80314 0.578816
8.85842 0.532843
8.9137 0.48524
8.96897 0.436152
9.02425 0.385732
9.07953 0.334131
9.13481 0.281509
9.19008 0.228025
9.24536 0.173845
9.30064 0.119132
9.35592 0.0640554
9.41119 0.00878254
9.46647 -0.0465172
9.52175 -0.101675
9.57703 -0.156522
9.6323 -0.21089
9.68758 -0.264614
9.74286 -0.317528
9.79813 -0.369472
9.85341 -0.420286
9.90869 -0.469814
9.96397 -0.517907
10.0192 -0.564415
10.0745 -0.609198
10.1298 -0.652118
10.1851 -0.693044
10.2404 -0.731851
10.2956 -0.76842
10.3509 -0.802639
10.4062 -0.834404
10.4615 -0.863617
10.5167 -0.89019
10.572 -0.914041
10.6273 -0.935096
10.6826 -0.953293
10.7378 -0.968574
10.7931 -0.980894
10.8484 -0.990214
10.9037 -0.996506
10.959 -0.999751
11.0142 -0.999939
11.0695 -0.997069
11.1248 -0.99115
11.1801 -0.982201
11.2353 -0.970248
11.2906 -0.955328
11.3459 -0.937487
11.4012 -0.916779
11.4564 -0.893268
11.5117 -0.867025
11.567 -0.838131
11.6223 -0.806674
11.6776 -0.772751
11.7328 -0.736464
11.7881 -0.697925
11.8434 -0.657252
11.8987 -0.61457
11.9539 -0.570007
12.0092 -0.523702
12.0645 -0.475796
12.1198 -0.426434
12.175 -0.375768
12.2303 -0.323953
12.2856 -0.271148
12.3409 -0.217513
12.3961 -0.163213
12.4514 -0.108414
12.5067 -0.0532832
12.562 0.00201061
12.6172 0.0572984
12.6725 0.112411
12.7278 0.16718
12.7831 0.221438
12.8384 0.275019
12.8936 0.327759
12.9489 0.379497
13.0042 0.430075
13.0595 0.479337
13.1147 0.527134
13.17 0.57332
13.2253 0.617752
13.2806 0.660296
13.3358 0.70082
13.3911 0.739202
13.4464 0.775323
13.5017 0.809074
13.5569 0.840351
13.6122 0.869058
13.6675 0.895108
13.7228 0.918421
13.778 0.938926
13.8333 0.95656
13.8886 0.971269
13.9439 0.983008
13.9991 0.991741
14.0544 0.997442
14.1097 1.00009
14.165 0.999686
14.2203 0.996223
14.2755 0.989713
14.3308 0.980176
14.3861 0.967643
14.4414 0.952151
14.4966 0.933747
14.5519 0.912489
14.6072 0.88844
14.6625 0.861674
14.7177 0.832274
14.773 0.800328
14.8283 0.765936
14.8836 0.729201
14.9388 0.690237
14.9941 0.649162
15.0494 0.606102
15.1047 0.561189
15.1599 0.51456
15.2152 0.466357
15.2705 0.416728
15.3258 0.365825
15.381 0.313803
15.4363 0.260822
15.4916 0.207043
15.5469 0.15263
15.6021 0.0977513
15.6574 0.0425733
15.7127 -0.012735
15.768 -0.0680045
15.8232 -0.123066
15.8785 -0.177752
15.9338 -0.231894
15.9891 -0.285327
16.0443 -0.337887
16.0996 -0.389415
16.1549 -0.439752
16.2102 -0.488745
16.2654 -0.536243
16.3207 -0.582102
16.376 -0.626181
16.4313 -0.668346
16.4865 -0.708467
16.5418 -0.746422
16.5971 -0.782094
16.6524 -0.815376
16.7076 -0.846164
16.7629 -0.874365
16.8182 -0.899893
16.8735 -0.922669
16.9287 -0.942624
16.984 -0.959697
17.0393 -0.973836
17.0946 -0.984997
17.1498 -0.993146
17.2051 -0.998259
17.2604 -1.00032
17.3157 -0.999321
17.3709 -0.995268
17.4262 -0.988171
17.4815 -0.978053
17.5367 -0.964944
17.592 -0.948885
17.6473 -0.929925
17.7026 -0.908121
17.7578 -0.883541
17.8131 -0.856259
17.8684 -0.826359
17.9237 -0.793932
17.9789 -0.759077
18.0342 -0.721902
18.0895 -0.682519
18.1448 -0.64105
18.2 -0.59762
18.2553 -0.552363
18.3106 -0.505417
18.3659 -0.456925
18.4211 -0.407037
18.4764 -0.355903
18.5317 -0.303682
18.587 -0.250532
18.6422 -0.196615
18.6975 -0.142098
18.7528 -0.0871457
18.8081 -0.031927
18.8633 0.0233894
18.9186 0.0786344
18.9739 0.133639
19.0291 0.188235
19.0844 0.242256
19.1397 0.295536
19.195 0.347913
19.2502 0.399226
19.3055 0.449318
19.3608 0.498037
19.4161 0.545233
19.4713 0.590762
19.5266 0.634485
19.5819 0.676269
19.6372 0.715984
19.6924 0.753511
19.7477 0.788733
19.803 0.821545
19.8582 0.851844
19.9135 0.879539
19.9688 0.904545
20.0241 0.926785
20.0793 0.946192
20.1346 0.962706
20.1899 0.976276
20.2452 0.986862
20.3004 0.99443
20.3557 0.998958
20.411 1.00043
20.4663 0.998846
20.5215 0.994207
20.5768 0.986528
20.6321 0.975833
20.6873 0.962154
20.7426 0.945534
20.7979 0.926022
20.8532 0.903679
20.9084 0.878574
20.9637 0.850782
21.019 0.820388
21.0743 0.787487
21.1295 0.752178
21.1848 0.714568
21.2401 0.674774
21.2954 0.632917
21.3506 0.589125
21.4059 0.543532
21.4612 0.496276
21.5164 0.447503
21.5717 0.397362
21.627 0.346006
21.6823 0.293592
21.7375 0.24028
21.7928 0.186233
21.8481 0.131617
21.9034 0.0765986
21.9586 0.0213457
22.0139 -0.0339726
22.0692 -0.0891871
22.1244 -0.144129
22.1797 -0.19863
22.235 -0.252525
22.2903 -0.305647
22.3455 -0.357835
22.4008 -0.408929
22.4561 -0.458773
22.5113 -0.507214
22.5666 -0.554104
22.6219 -0.599301
22.6772 -0.642665
22.7324 -0.684065
22.7877 -0.723373
22.843 -0.76047
22.8983 -0.795242
22.9535 -0.827582
23.0088 -0.857393
23.0641 -0.884582
23.1193 -0.909067
23.1746 -0.930772
23.2299 -0.949632
23.2852 -0.965588
23.3404 -0.978593
23.3957 -0.988605
23.451 -0.995595
23.5062 -0.999541
23.5615 -1.00043
23.6168 -0.998263
23.6721 -0.993043
23.7273 -0.984786
23.7826 -0.973519
23.8379 -0.959275
23.8932 -0.942099
23.9484 -0.922042
24.0037 -0.899166
24.059 -0.873541
24.1142 -0.845246
24.1695 -0.814366
24.2248 -0.780996
24.2801 -0.745239
24.3353 -0.707203
24.3906 -0.667005
24.4459 -0.624768
24.5011 -0.58062
24.5564 -0.534697
24.6117 -0.48714
24.667 -0.438093
24.7222 -0.387706
24.7775 -0.336134
24.8328 -0.283534
24.888 -0.230068
24.9433 -0.175898
24.9986 -0.12119
25.0539 -0.0661113
25.1091 -0.0108305
25.1327 0.0127988
# m=1, S=0
0 0
0.0605141 0.0604772
0.11901 0.118729
0.176279 0.175368
0.232795 0.230698
0.288844 0.284844
0.344604 0.337824
0.400183 0.389587
0.455651 0.440047
0.511049 0.489092
0.566402 0.5366
0.621729 0.582441
0.677038 0.626487
0.732337 0.668609
0.787628 0.708682
0.842916 0.746586
0.898201 0.782208
0.953485 0.815438
1.00877 0.846176
1.06405 0.874328
1.11933 0.899809
1.17461 0.92254
1.22989 0.942453
1.28517 0.959486
1.34045 0.973588
1.39573 0.984716
1.45102 0.992835
1.5063 0.997921
1.56158 0.999957
1.61686 0.998939
1.67214 0.994869
1.72742 0.98776
1.7827 0.977633
1.83798 0.964519
1.89326 0.948458
1.94854 0.929499
2.00382 0.907701
2.0591 0.88313
2.11438 0.85586
2.16966 0.825976
2.22494 0.793569
2.28022 0.758737
2.3355 0.721587
2.39078 0.682232
2.44606 0.640793
2.50134 0.597396
2.55662 0.552175
2.6119 0.505266
2.66718 0.456814
2.72246 0.406966
2.77774 0.355875
2.83302 0.303697
2.8883 0.25059
2.94358 0.196719
2.99886 0.142246
3.05414 0.0873387
3.10942 0.0321647
3.1647 -0.0231076
3.21998 -0.0783093
3.27526 -0.133272
3.33054 -0.187827
3.38582 -0.241808
3.4411 -0.295051
3.49638 -0.347392
3.55166 -0.398672
3.60694 -0.448734
3.66222 -0.497425
3.7175 -0.544596
3.77278 -0.590104
3.82806 -0.633808
3.88334 -0.675577
3.93862 -0.715281
3.9939 -0.7528
4.04918 -0.788019
4.10446 -0.820831
4.15974 -0.851135
4.21502 -0.878839
4.2703 -0.903858
4.32558 -0.926116
4.38085 -0.945544
4.43613 -0.962084
4.49141 -0.975684
4.54669 -0.986304
4.60197 -0.99391
4.65725 -0.99848
4.71253 -1
4.76781 -0.998465
4.82309 -0.993879
4.87837 -0.986257
4.93365 -0.975622
4.98893 -0.962006
5.04421 -0.945452
5.09949 -0.926009
5.15476 -0.903737
5.21004 -0.878705
5.26532 -0.850987
5.3206 -0.82067
5.37588 -0.787846
5.43116 -0.752616
5.48644 -0.715085
5.54172 -0.675371
5.597 -0.633593
5.65228 -0.589879
5.70755 -0.544364
5.76283 -0.497185
5.81811 -0.448488
5.87339 -0.39842
5.92867 -0.347136
5.98395 -0.294791
6.03923 -0.241545
6.09451 -0.187561
6.14979 -0.133005
6.20506 -0.0780418
6.26034 -0.0228406
6.31562 0.0324304
6.3709 0.0876023
6.42618 0.142507
6.48146 0.196975
6.53674 0.250843
6.59201 0.303943
6.64729 0.356116
6.70257 0.4072
6.75785 0.45704
6.81313 0.505484
6.86841 0.552384
6.92369 0.597597
6.97896 0.640983
7.03424 0.682412
7.08952 0.721756
7.1448 0.758894
7.20008 0.793715
7.25536 0.826111
7.31063 0.855983
7.36591 0.88324
7.42119 0.907799
7.47647 0.929584
7.53175 0.94853
7.58703 0.964578
7.6423 0.97768
7.69758 0.987794
7.75286 0.994892
7.80814 0.998949
7.86342 0.999955
7.91869 0.997907
7.97397 0.99281
8.02925 0.98468
8.08453 0.973542
8.13981 0.95943
8.19508 0.942387
8.25036 0.922465
8.30564 0.899725
8.36092 0.874236
8.4162 0.846077
8.47147 0.815333
8.52675 0.782099
8.58203 0.746475
8.63731 0.708571
8.69258 0.668503
8.74786 0.626392
8.80314 0.582368
8.85842 0.536564
8.9137 0.489122
8.96897 0.440185
9.02425 0.389904
9.07953 0.338432
9.13481 0.285926
9.19008 0.232546
9.24536 0.178456
9.30064 0.123821
9.35592 0.0688079
9.41119 0.0135844
9.46647 -0.0416806
9.52175 -0.0968182
9.57703 -0.15166
9.6323 -0.206039
9.68758 -0.259788
9.74286 -0.312743
9.79813 -0.364743
9.85341 -0.415629
9.90869 -0.465245
9.96397 -0.51344
10.0192 -0.560066
10.0745 -0.604982
10.1298 -0.648049
10.1851 -0.689137
10.2404 -0.72812
10.2956 -0.764878
10.3509 -0.7993
10.4062 -0.83128
10.4615 -0.86072
10.5167 -0.887532
10.572 -0.911632
10.6273 -0.932947
10.6826 -0.951413
10.7378 -0.966972
10.7931 -0.979577
10.8484 -0.989189
10.9037 -0.99578
10.959 -0.99933
11.0142 -0.999826
11.0695 -0.997268
11.1248 -0.991664
11.1801 -0.983031
11.2353 -0.971394
11.2906 -0.95679
11.3459 -0.939264
11.4012 -0.918868
11.4564 -0.895666
11.5117 -0.869727
11.567 -0.841132
11.6223 -0.809967
11.6776 -0.776328
11.7328 -0.740318
11.7881 -0.702046
11.8434 -0.661629
11.8987 -0.619192
11.9539 -0.574863
12.0092 -0.528778
12.0645 -0.481078
12.1198 -0.431908
12.175 -0.381419
12.2303 -0.329765
12.2856 -0.277104
12.3409 -0.223596
12.3961 -0.169405
12.4514 -0.114696
12.5067 -0.0596378
12.562 -0.0043969
12.6172 0.0508574
12.6725 0.105956
12.7278 0.160731
12.7831 0.215016
12.8384 0.268643
12.8936 0.32145
12.9489 0.373275
13.0042 0.423959
13.0595 0.473349
13.1147 0.521292
13.17 0.567643
13.2253 0.61226
13.2806 0.655007
13.3358 0.695753
13.3911 0.734374
13.4464 0.770752
13.5017 0.804775
13.5569 0.83634
13.6122 0.86535
13.6675 0.891716
13.7228 0.915359
13.778 0.936206
13.8333 0.954193
13.8886 0.969265
13.9439 0.981377
13.9991 0.990491
14.0544 0.996579
14.1097 0.999623
14.165 0.999613
14.2203 0.99655
14.2755 0.990444
14.3308 0.981311
14.3861 0.969181
14.4414 0.954091
14.4966 0.936086
14.5519 0.915222
14.6072 0.891562
14.6625 0.865179
14.7177 0.836154
14.773 0.804574
14.8283 0.770536
14.8836 0.734145
14.9388 0.695511
14.9941 0.654753
15.0494 0.611995
15.1047 0.567367
15.1599 0.521007
15.2152 0.473055
15.2705 0.423658
15.3258 0.372967
15.381 0.321137
15.4363 0.268325
15.4916 0.214695
15.5469 0.160408
15.6021 0.105632
15.6574 0.0505324
15.7127 -0.00472112
15.768 -0.0599602
15.8232 -0.115016
15.8785 -0.169721
15.9338 -0.223907
15.9891 -0.277409
16.0443 -0.330063
16.0996 -0.38171
16.1549 -0.432191
16.2102 -0.481351
16.2654 -0.529041
16.3207 -0.575115
16.376 -0.619433
16.4313 -0.661858
16.4865 -0.702262
16.5418 -0.74052
16.5971 -0.776517
16.6524 -0.810141
16.7076 -0.841292
16.7629 -0.869872
16.8182 -0.895795
16.8735 -0.918982
16.9287 -0.939362
16.984 -0.956873
17.0393 -0.971461
17.0946 -0.983082
17.1498 -0.9917
17.2051 -0.997289
17.2604 -0.999831
17.3157 -0.99932
17.3709 -0.995756
17.4262 -0.98915
17.4815 -0.979524
17.5367 -0.966905
17.592 -0.951333
17.6473 -0.932855
17.7026 -0.911528
17.7578 -0.887417
17.8131 -0.860595
17.8684 -0.831144
17.9237 -0.799155
17.9789 -0.764725
18.0342 -0.727959
18.0895 -0.688969
18.1448 -0.647875
18.2 -0.604802
18.2553 -0.559882
18.3106 -0.513252
18.3659 -0.465054
18.4211 -0.415436
18.4764 -0.364548
18.5317 -0.312548
18.587 -0.259592
18.6422 -0.205844
18.6975 -0.151467
18.7528 -0.0966273
18.8081 -0.0414925
18.8633 0.0137689
18.9186 0.0689883
18.9739 0.123997
19.0291 0.178627
19.0844 0.232711
19.1397 0.286084
19.195 0.338584
19.2502 0.390049
19.3055 0.440324
19.3608 0.489253
19.4161 0.536687
19.4713 0.582483
19.5266 0.626499
19.5819 0.668602
19.6372 0.708662
19.6924 0.746558
19.7477 0.782174
19.803 0.8154
19.8582 0.846137
19.9135 0.874288
19.9688 0.899769
20.0241 0.922502
20.0793 0.942418
20.1346 0.959455
20.1899 0.973561
20.2452 0.984694
20.3004 0.992819
20.3557 0.997911
20.411 0.999956
20.4663 0.998947
20.5215 0.994886
20.5768 0.987787
20.6321 0.97767
20.6873 0.964568
20.7426 0.948519
20.7979 0.929573
20.8532 0.907788
20.9084 0.883231
20.9637 0.855976
21.019 0.826106
21.0743 0.793713
21.1295 0.758896
21.1848 0.721761
21.2401 0.682421
21.2954 0.640998
21.3506 0.597616
21.4059 0.552409
21.4612 0.505515
21.5164 0.457077
21.5717 0.407243
21.627 0.356165
21.6823 0.303999
21.7375 0.250905
21.7928 0.197045
21.8481 0.142582
21.9034 0.0876847
21.9586 0.0325191
22.0139 -0.0227458
22.0692 -0.0779411
22.1244 -0.132898
22.1797 -0.18745
22.235 -0.241429
22.2903 -0.29467
22.3455 -0.347012
22.4008 -0.398293
22.4561 -0.448358
22.5113 -0.497054
22.5666 -0.544231
22.6219 -0.589746
22.6772 -0.63346
22.7324 -0.675239
22.7877 -0.714956
22.843 -0.752489
22.8983 -0.787724
22.9535 -0.820553
23.0088 -0.850876
23.0641 -0.8786
23.1193 -0.90364
23.1746 -0.925921
23.2299 -0.945374
23.2852 -0.961939
23.3404 -0.975566
23.3957 -0.986214
23.451 -0.993849
23.5062 -0.998449
23.5615 -1
23.6168 -0.998496
23.6721 -0.993943
23.7273 -0.986354
23.7826 -0.975753
23.8379 -0.962171
23.8932 -0.945651
23.9484 -0.926242
24.0037 -0.904005
24.059 -0.879007
24.1142 -0.851324
24.1695 -0.821041
24.2248 -0.78825
24.2801 -0.753052
24.3353 -0.715554
24.3906 -0.67587
24.4459 -0.634122
24.5011 -0.590438
24.5564 -0.54495
24.6117 -0.497798
24.667 -0.449126
24.7222 -0.399082
24.7775 -0.347819
24.8328 -0.295494
24.888 -0.242266
24.9433 -0.188298
24.9986 -0.133756
25.0539 -0.0788046
25.1091 -0.0236129
25.1327 -9.79717e-16
